9.392437374576403375e-01
9.365935391909480101e-01
9.660462931305208167e-01
9.882076702159280357e-01
9.907510741763082551e-01
9.951330765641204223e-01
9.701710656387028120e-01
9.688239829107538892e-01
9.609810687329124468e-01
7.924453466069746321e-01
9.479475403137818112e-01
9.435479918280200717e-01
9.984667108226951138e-01
9.776720122439191973e-01
9.874145846992199438e-01
9.819222916033237825e-01
9.871944314297285139e-01
9.355754044754382992e-01
9.710887917452278861e-01
9.773983056971426997e-01
9.822293392864116512e-01
9.890303693732390711e-01
9.801361653392072215e-01
9.289813036558781656e-01
7.979353453142837838e-01
8.639053614210480125e-01
9.928859213536436190e-01
8.150417635567104302e-01
