9.378697200940649958e-01
9.278612389442330022e-01
9.397503187390456869e-01
9.545737140266857823e-01
9.703083943839926340e-01
9.941177584842694204e-01
9.578967937065477889e-01
9.650120990267133658e-01
9.555074194432040535e-01
8.646888824385706718e-01
9.551766751858999926e-01
9.786654701724789573e-01
9.961318389881191893e-01
9.977619188933076755e-01
9.615862091795495115e-01
9.866429097105912094e-01
9.772175336595130268e-01
9.730851838181568958e-01
9.453517186947084650e-01
9.724044327111024399e-01
9.814393436521426928e-01
9.846540591251259356e-01
9.775838793839715102e-01
9.680938005738134455e-01
9.124522564605033192e-01
9.320789890578268233e-01
9.979609337039898609e-01
8.214174744199248535e-01
