-2.000000000000000000e+01 2.037681684333070731e+00
-1.900000000000000000e+01 2.037650002144637540e+00
-1.800000000000000000e+01 2.066828759890851686e+00
-1.700000000000000000e+01 2.069954240804501744e+00
-1.600000000000000000e+01 2.117787484802378550e+00
-1.500000000000000000e+01 2.136093037834103647e+00
-1.400000000000000000e+01 2.176885063046150925e+00
-1.300000000000000000e+01 2.190031642749380225e+00
-1.200000000000000000e+01 2.186040601335561551e+00
-1.100000000000000000e+01 2.126485563301538484e+00
-1.000000000000000000e+01 2.043666697253254227e+00
-9.000000000000000000e+00 1.894154005941231844e+00
-8.000000000000000000e+00 1.699358527490532067e+00
-7.000000000000000000e+00 1.457915855660653071e+00
-6.000000000000000000e+00 1.179850003429132821e+00
-5.000000000000000000e+00 9.667481299238235293e-01
-4.000000000000000000e+00 8.981201933262420445e-01
-3.000000000000000000e+00 1.044246530956356001e+00
-2.000000000000000000e+00 1.340747780644394593e+00
-1.000000000000000000e+00 1.703971516051092205e+00
0.000000000000000000e+00 2.054626870999329835e+00
1.000000000000000000e+00 2.325657671059574216e+00
2.000000000000000000e+00 2.555791016724429987e+00
3.000000000000000000e+00 2.700034121142258048e+00
4.000000000000000000e+00 2.739566008584781720e+00
5.000000000000000000e+00 2.721360036078158462e+00
6.000000000000000000e+00 2.638498862305582726e+00
7.000000000000000000e+00 2.492964495341655429e+00
8.000000000000000000e+00 2.326220339498008105e+00
9.000000000000000000e+00 2.175778897367263820e+00
1.000000000000000000e+01 2.045180978407933114e+00
1.100000000000000000e+01 1.946897818953428949e+00
1.200000000000000000e+01 1.889887946554432929e+00
1.300000000000000000e+01 1.871714166447182581e+00
1.400000000000000000e+01 1.906669359246993212e+00
1.500000000000000000e+01 1.932416889020154294e+00
1.600000000000000000e+01 1.980579193150337147e+00
1.700000000000000000e+01 1.986342226427010971e+00
1.800000000000000000e+01 2.017205950508541346e+00
1.900000000000000000e+01 2.051721582408506439e+00
2.000000000000000000e+01 2.042234534134337309e+00
