-2.000000000000000000e+01 1.310411617990600952e+01
-1.900000000000000000e+01 1.301570010353704276e+01
-1.800000000000000000e+01 1.343787047922383060e+01
-1.700000000000000000e+01 1.376787545256189027e+01
-1.600000000000000000e+01 1.415261418919357439e+01
-1.500000000000000000e+01 1.446115736937136376e+01
-1.400000000000000000e+01 1.484903384158469208e+01
-1.300000000000000000e+01 1.513540109688213953e+01
-1.200000000000000000e+01 1.484284753971774862e+01
-1.100000000000000000e+01 1.408655748049977952e+01
-1.000000000000000000e+01 1.321322273334253161e+01
-9.000000000000000000e+00 1.125019137580717477e+01
-8.000000000000000000e+00 8.992682151831251858e+00
-7.000000000000000000e+00 6.576369769655458164e+00
-6.000000000000000000e+00 4.385833313545617784e+00
-5.000000000000000000e+00 2.901823203357304592e+00
-4.000000000000000000e+00 2.486173740484185490e+00
-3.000000000000000000e+00 3.410778522716183314e+00
-2.000000000000000000e+00 5.683841816056504292e+00
-1.000000000000000000e+00 9.103744913178317688e+00
0.000000000000000000e+00 1.294670591028164353e+01
1.000000000000000000e+00 1.705593943190166684e+01
2.000000000000000000e+00 2.025258381210487002e+01
3.000000000000000000e+00 2.300410868266518349e+01
4.000000000000000000e+00 2.362105842012820744e+01
5.000000000000000000e+00 2.333782247871398496e+01
6.000000000000000000e+00 2.194372987747303227e+01
7.000000000000000000e+00 1.970906337321222423e+01
8.000000000000000000e+00 1.722341689804159515e+01
9.000000000000000000e+00 1.495477219761596999e+01
1.000000000000000000e+01 1.326602276527266078e+01
1.100000000000000000e+01 1.192124835907334379e+01
1.200000000000000000e+01 1.135135379265179445e+01
1.300000000000000000e+01 1.107666280339895337e+01
1.400000000000000000e+01 1.127023441186306307e+01
1.500000000000000000e+01 1.159829586668277202e+01
1.600000000000000000e+01 1.220337316204197542e+01
1.700000000000000000e+01 1.249515368078349553e+01
1.800000000000000000e+01 1.274424413487325225e+01
1.900000000000000000e+01 1.302498586471020658e+01
2.000000000000000000e+01 1.309685291206033675e+01
