-2.000000000000000000e+01 2.103699916821863081e+00
-1.900000000000000000e+01 2.095117890419518680e+00
-1.800000000000000000e+01 2.088477161726602027e+00
-1.700000000000000000e+01 2.112064626755315810e+00
-1.600000000000000000e+01 2.131105526553325191e+00
-1.500000000000000000e+01 2.136511097688591487e+00
-1.400000000000000000e+01 2.164606893828929124e+00
-1.300000000000000000e+01 2.172540589224849050e+00
-1.200000000000000000e+01 2.132707707326209068e+00
-1.100000000000000000e+01 2.120297529560547733e+00
-1.000000000000000000e+01 2.058092748656100035e+00
-9.000000000000000000e+00 1.970608019479128670e+00
-8.000000000000000000e+00 1.831773680469188204e+00
-7.000000000000000000e+00 1.667104166104157903e+00
-6.000000000000000000e+00 1.509899234369692866e+00
-5.000000000000000000e+00 1.409812348272031501e+00
-4.000000000000000000e+00 1.387220133823651169e+00
-3.000000000000000000e+00 1.504807113006941144e+00
-2.000000000000000000e+00 1.721951940733689401e+00
-1.000000000000000000e+00 1.993392041225221734e+00
0.000000000000000000e+00 2.295576583936556059e+00
1.000000000000000000e+00 2.534534291321863364e+00
2.000000000000000000e+00 2.748016924559418150e+00
3.000000000000000000e+00 2.898388998644772396e+00
4.000000000000000000e+00 2.927159960832303565e+00
5.000000000000000000e+00 2.917104332776342623e+00
6.000000000000000000e+00 2.775182069929134521e+00
7.000000000000000000e+00 2.625167039999293017e+00
8.000000000000000000e+00 2.421717241886837790e+00
9.000000000000000000e+00 2.208249399521450496e+00
1.000000000000000000e+01 2.037294013105332091e+00
1.100000000000000000e+01 1.904972479081010306e+00
1.200000000000000000e+01 1.809345033425947991e+00
1.300000000000000000e+01 1.819919587867190769e+00
1.400000000000000000e+01 1.866601259583408501e+00
1.500000000000000000e+01 1.905417711959875415e+00
1.600000000000000000e+01 1.959867617165752751e+00
1.700000000000000000e+01 2.018022300809714675e+00
1.800000000000000000e+01 2.035066409456901759e+00
1.900000000000000000e+01 2.083918389034117080e+00
2.000000000000000000e+01 2.097827630653053443e+00
