-2.000000000000000000e+01 8.121257187657998297e-03
-1.900000000000000000e+01 9.540815875270263619e-03
-1.800000000000000000e+01 8.790557414321937060e-03
-1.700000000000000000e+01 8.580172734791840713e-03
-1.600000000000000000e+01 8.617484638222729781e-03
-1.500000000000000000e+01 8.945997953294945390e-03
-1.400000000000000000e+01 8.690324236902233213e-03
-1.300000000000000000e+01 8.337778332549079102e-03
-1.200000000000000000e+01 8.649417563040001297e-03
-1.100000000000000000e+01 8.936506495362060709e-03
-1.000000000000000000e+01 8.334686492876153957e-03
-9.000000000000000000e+00 8.258134473325772981e-03
-8.000000000000000000e+00 9.922069385294652460e-03
-7.000000000000000000e+00 1.279682243971275515e-02
-6.000000000000000000e+00 1.845030305570034487e-02
-5.000000000000000000e+00 2.396568153645606963e-02
-4.000000000000000000e+00 2.594173833814158309e-02
-3.000000000000000000e+00 1.857060845251353592e-02
-2.000000000000000000e+00 1.190343459259033884e-02
-1.000000000000000000e+00 8.231434362664696164e-03
0.000000000000000000e+00 9.950022141832210246e-03
1.000000000000000000e+00 1.453899082644803317e-02
2.000000000000000000e+00 1.865070693185646306e-02
3.000000000000000000e+00 2.096227334626494382e-02
4.000000000000000000e+00 2.332885866390788793e-02
5.000000000000000000e+00 2.147075473368259893e-02
6.000000000000000000e+00 1.887019313974704071e-02
7.000000000000000000e+00 1.483727554414875256e-02
8.000000000000000000e+00 1.123369059356422832e-02
9.000000000000000000e+00 9.018261465281179542e-03
1.000000000000000000e+01 8.417868377255071158e-03
1.100000000000000000e+01 9.075848587475641993e-03
1.200000000000000000e+01 9.411253030143383949e-03
1.300000000000000000e+01 1.049410056756449813e-02
1.400000000000000000e+01 9.956674906450746487e-03
1.500000000000000000e+01 9.021995555794026789e-03
1.600000000000000000e+01 8.762630785217870311e-03
1.700000000000000000e+01 8.889636066483883742e-03
1.800000000000000000e+01 8.516653734258465558e-03
1.900000000000000000e+01 8.941029050988603608e-03
2.000000000000000000e+01 8.120192519847633725e-03
