-2.000000000000000000e+01 8.905498936098285231e-03
-1.900000000000000000e+01 9.133002847370596741e-03
-1.800000000000000000e+01 9.211096973045472536e-03
-1.700000000000000000e+01 9.640533970012177961e-03
-1.600000000000000000e+01 9.409264402477334963e-03
-1.500000000000000000e+01 1.044510579121478260e-02
-1.400000000000000000e+01 1.092182239904229170e-02
-1.300000000000000000e+01 1.104009294710494617e-02
-1.200000000000000000e+01 9.983954666797415639e-03
-1.100000000000000000e+01 8.925411395801888942e-03
-1.000000000000000000e+01 9.203755873757832676e-03
-9.000000000000000000e+00 8.382356919703556897e-03
-8.000000000000000000e+00 1.028120093842250712e-02
-7.000000000000000000e+00 1.573979178603827217e-02
-6.000000000000000000e+00 3.424690007677412551e-02
-5.000000000000000000e+00 7.525660963501537570e-02
-4.000000000000000000e+00 9.614554121411408860e-02
-3.000000000000000000e+00 5.375951849781523961e-02
-2.000000000000000000e+00 2.222946296800105276e-02
-1.000000000000000000e+00 9.453676359524912712e-03
0.000000000000000000e+00 9.420569335072489017e-03
1.000000000000000000e+00 1.244898065256641595e-02
2.000000000000000000e+00 1.740793187601254177e-02
3.000000000000000000e+00 2.109039448626846142e-02
4.000000000000000000e+00 2.272347471127227764e-02
5.000000000000000000e+00 2.137488719257709530e-02
6.000000000000000000e+00 1.905465568692318867e-02
7.000000000000000000e+00 1.723317542778381867e-02
8.000000000000000000e+00 1.260962425381981569e-02
9.000000000000000000e+00 1.048095747593411238e-02
1.000000000000000000e+01 9.048462479194011032e-03
1.100000000000000000e+01 9.052717364034857869e-03
1.200000000000000000e+01 8.490440559942132731e-03
1.300000000000000000e+01 8.223911578392546079e-03
1.400000000000000000e+01 8.861367548807166580e-03
1.500000000000000000e+01 8.707604123423726833e-03
1.600000000000000000e+01 8.758220574391014507e-03
1.700000000000000000e+01 8.798258569867999784e-03
1.800000000000000000e+01 8.989679219173691768e-03
1.900000000000000000e+01 8.665240557143839145e-03
2.000000000000000000e+01 8.744260851608391671e-03
