-1.500000000000000000e+01 2.468187212944030762e-01
-1.400000000000000000e+01 2.746969759464263916e-01
-1.300000000000000000e+01 2.627147436141967773e-01
-1.200000000000000000e+01 2.126053720712661743e-01
-1.100000000000000000e+01 1.300807893276214600e-01
-1.000000000000000000e+01 1.419905293732881546e-02
-9.000000000000000000e+00 -1.371627897024154663e-01
-8.000000000000000000e+00 -3.185573518276214600e-01
-7.000000000000000000e+00 -5.114800333976745605e-01
-6.000000000000000000e+00 -6.852928996086120605e-01
-5.000000000000000000e+00 -8.041581511497497559e-01
-4.000000000000000000e+00 -8.363152146339416504e-01
-3.000000000000000000e+00 -7.625383138656616211e-01
-2.000000000000000000e+00 -5.821657776832580566e-01
-1.000000000000000000e+00 -3.152952194213867188e-01
0.000000000000000000e+00 -1.007644475976463786e-15
1.000000000000000000e+00 3.152951896190643311e-01
2.000000000000000000e+00 5.821657180786132812e-01
3.000000000000000000e+00 7.625383138656616211e-01
4.000000000000000000e+00 8.363152146339416504e-01
5.000000000000000000e+00 8.041581511497497559e-01
6.000000000000000000e+00 6.852928996086120605e-01
7.000000000000000000e+00 5.114799737930297852e-01
8.000000000000000000e+00 3.185573518276214600e-01
9.000000000000000000e+00 1.371627748012542725e-01
1.000000000000000000e+01 -1.419905293732881546e-02
1.100000000000000000e+01 -1.300807893276214600e-01
1.200000000000000000e+01 -2.126053571701049805e-01
1.300000000000000000e+01 -2.627147138118743896e-01
1.400000000000000000e+01 -2.746969461441040039e-01
1.500000000000000000e+01 -2.468187212944030762e-01
