-2.000000000000000000e+01 8.625242381624501076e-03
-1.900000000000000000e+01 8.661881716666229580e-03
-1.800000000000000000e+01 8.284127862825878957e-03
-1.700000000000000000e+01 8.863543985089507998e-03
-1.600000000000000000e+01 8.254738431946863006e-03
-1.500000000000000000e+01 8.160319651521110579e-03
-1.400000000000000000e+01 8.924373216210909621e-03
-1.300000000000000000e+01 8.984414280673551703e-03
-1.200000000000000000e+01 8.771909782140896797e-03
-1.100000000000000000e+01 8.213349824068804511e-03
-1.000000000000000000e+01 8.884353741165241375e-03
-9.000000000000000000e+00 8.636900204564992856e-03
-8.000000000000000000e+00 9.485637357691444060e-03
-7.000000000000000000e+00 1.084750334160697327e-02
-6.000000000000000000e+00 1.265651555705460743e-02
-5.000000000000000000e+00 1.415779509733655628e-02
-4.000000000000000000e+00 1.254996997632448590e-02
-3.000000000000000000e+00 1.132734162159592002e-02
-2.000000000000000000e+00 9.259983895958280933e-03
-1.000000000000000000e+00 8.629225620810219988e-03
0.000000000000000000e+00 1.059315722429643447e-02
1.000000000000000000e+00 1.413171797690114528e-02
2.000000000000000000e+00 1.978103897119021931e-02
3.000000000000000000e+00 2.078444213654288830e-02
4.000000000000000000e+00 2.272193484452186829e-02
5.000000000000000000e+00 2.080395836000401011e-02
6.000000000000000000e+00 1.909774184802095001e-02
7.000000000000000000e+00 1.377820360701213429e-02
8.000000000000000000e+00 1.092697266524890291e-02
9.000000000000000000e+00 8.878269345672543805e-03
1.000000000000000000e+01 8.725727868396490963e-03
1.100000000000000000e+01 1.105450269190294370e-02
1.200000000000000000e+01 1.395363170216002043e-02
1.300000000000000000e+01 1.335790882329835130e-02
1.400000000000000000e+01 1.188930649796014066e-02
1.500000000000000000e+01 1.012940197840276474e-02
1.600000000000000000e+01 1.007282982015253806e-02
1.700000000000000000e+01 8.271041447562023710e-03
1.800000000000000000e+01 8.633582644023418684e-03
1.900000000000000000e+01 9.068389652982546123e-03
2.000000000000000000e+01 8.608105509849920539e-03
