-2.000000000000000000e+01 2.123338555253740267e+00
-1.900000000000000000e+01 2.109416308733768730e+00
-1.800000000000000000e+01 2.159996080007378971e+00
-1.700000000000000000e+01 2.137114495520254565e+00
-1.600000000000000000e+01 2.159258076526163528e+00
-1.500000000000000000e+01 2.128899044171959520e+00
-1.400000000000000000e+01 2.170935749642643575e+00
-1.300000000000000000e+01 2.179015336311246109e+00
-1.200000000000000000e+01 2.168924042235939709e+00
-1.100000000000000000e+01 2.150451777979675683e+00
-1.000000000000000000e+01 2.106123209597626555e+00
-9.000000000000000000e+00 2.046485696819370759e+00
-8.000000000000000000e+00 1.957889537995402440e+00
-7.000000000000000000e+00 1.864448618125133184e+00
-6.000000000000000000e+00 1.754517309950097026e+00
-5.000000000000000000e+00 1.709443068616999684e+00
-4.000000000000000000e+00 1.708520993698711354e+00
-3.000000000000000000e+00 1.780246123290516458e+00
-2.000000000000000000e+00 1.967026333982359709e+00
-1.000000000000000000e+00 2.192251066807992643e+00
0.000000000000000000e+00 2.450862018753976468e+00
1.000000000000000000e+00 2.665978074918653018e+00
2.000000000000000000e+00 2.855670974432923170e+00
3.000000000000000000e+00 2.962869495826683686e+00
4.000000000000000000e+00 3.017495099002301728e+00
5.000000000000000000e+00 2.984528606223952441e+00
6.000000000000000000e+00 2.855935385196161302e+00
7.000000000000000000e+00 2.670514149845414131e+00
8.000000000000000000e+00 2.433983517303992539e+00
9.000000000000000000e+00 2.210561619387218624e+00
1.000000000000000000e+01 1.960639202651596191e+00
1.100000000000000000e+01 1.794032568044876097e+00
1.200000000000000000e+01 1.718288037523782119e+00
1.300000000000000000e+01 1.707755115703668336e+00
1.400000000000000000e+01 1.759021310810313654e+00
1.500000000000000000e+01 1.854507647791780789e+00
1.600000000000000000e+01 1.960905636368386329e+00
1.700000000000000000e+01 2.047283716628800931e+00
1.800000000000000000e+01 2.099962431465876023e+00
1.900000000000000000e+01 2.136885397572983791e+00
2.000000000000000000e+01 2.158325919392972025e+00
