4.103411734104156494e-01 8.214294921961794171e-02
4.382590353488922119e-01 7.175047597460953996e-02
3.663958311080932617e-01 5.339049466831847363e-02
2.513569295406341553e-01 3.066346287333471948e-02
1.866622865200042725e-01 1.422576315351408577e-02
-3.555295616388320923e-02 1.928647525489733238e-03
-4.343898296356201172e-01 -4.352445823153917870e-02
-4.385492801666259766e-01 -8.162233428161497217e-02
-3.979262709617614746e-01 -8.363423181572102183e-02
4.938400387763977051e-01 1.101657868933169915e-01
-3.439086377620697021e-01 -7.861086957268756392e-02
-3.374011218547821045e-01 -3.834104905910110106e-02
-9.354384616017341614e-03 3.165844808629946980e-03
1.930251568555831909e-01 1.304410733066565901e-02
1.454778015613555908e-01 9.899524079196584878e-03
1.711138188838958740e-01 1.106857501183193190e-02
7.263784110546112061e-02 6.788076976365473372e-03
-1.054035052657127380e-01 -1.132556536936104793e-02
-4.673622250556945801e-01 -1.651264433700015341e-02
-4.871802330017089844e-01 -2.597131768922820647e-02
-4.882516860961914062e-01 -3.597338967301159929e-02
-4.890292286872863770e-01 -4.349005870753776953e-02
-4.853370785713195801e-01 -5.323796135970720184e-02
-4.269128739833831787e-01 -7.370907657823103087e-02
-2.435730397701263428e-01 -8.824979857346516854e-02
-2.743955552577972412e-01 -8.262032275330469244e-02
-9.167091920971870422e-03 1.048766110194032522e-03
5.687270164489746094e-01 1.617543173022512881e-01
