-6.166717410087585449e-01 -8.214294921961796947e-02
-5.518391132354736328e-01 -7.175047597460958160e-02
-4.628621637821197510e-01 -5.339049466831849444e-02
-3.618998825550079346e-01 -3.066346287333472989e-02
-2.353471964597702026e-01 -1.422576315351408924e-02
9.495801292359828949e-03 -1.928647525489735190e-03
5.138670802116394043e-01 4.352445823153917176e-02
5.724279880523681641e-01 8.162233428161497217e-02
6.073904037475585938e-01 8.363423181572100795e-02
-2.981771528720855713e-01 -1.101657868933170192e-01
6.438512802124023438e-01 7.861086957268759168e-02
5.690054893493652344e-01 3.834104905910108718e-02
3.692752681672573090e-03 -3.165844808629950449e-03
-1.123411655426025391e-01 -1.304410733066566422e-02
-5.355758219957351685e-02 -9.899524079196590082e-03
-7.018331438302993774e-02 -1.106857501183193537e-02
-7.021930534392595291e-03 -6.788076976365476842e-03
6.676493585109710693e-02 1.132556536936103059e-02
3.703203201293945312e-01 1.651264433700014647e-02
4.063595831394195557e-01 2.597131768922820647e-02
4.157459735870361328e-01 3.597338967301159235e-02
4.434117078781127930e-01 4.349005870753775566e-02
5.095570087432861328e-01 5.323796135970718102e-02
5.708377361297607422e-01 7.370907657823101700e-02
5.832164287567138672e-01 8.824979857346512691e-02
6.240484714508056641e-01 8.262032275330466469e-02
1.347642485052347183e-02 -1.048766110194035341e-03
-3.965630531311035156e-01 -1.617543173022512881e-01
